# Blender v2.92.0 OBJ File: ''
# www.blender.org
mtllib original-1.mtl
o Cube_Cube.001
v -0.084299 -0.530313 -0.632191
v -0.084299 0.734013 -0.632191
v -0.084299 -0.530313 -0.673843
v -0.084299 0.734013 -0.673843
v 0.085905 -0.530313 -0.632191
v 0.085905 0.734013 -0.632191
v 0.085905 -0.530313 -0.673843
v 0.085905 0.734013 -0.673843
vt 0.375000 0.000000
vt 0.625000 0.000000
vt 0.625000 0.250000
vt 0.375000 0.250000
vt 0.625000 0.500000
vt 0.375000 0.500000
vt 0.625000 0.750000
vt 0.375000 0.750000
vt 0.625000 1.000000
vt 0.375000 1.000000
vt 0.125000 0.500000
vt 0.125000 0.750000
vt 0.875000 0.500000
vt 0.875000 0.750000
vn -1.0000 0.0000 0.0000
vn 0.0000 0.0000 -1.0000
vn 1.0000 0.0000 0.0000
vn 0.0000 0.0000 1.0000
vn 0.0000 -1.0000 0.0000
vn 0.0000 1.0000 0.0000
usemtl None
s off
f 1/1/1 2/2/1 4/3/1 3/4/1
f 3/4/2 4/3/2 8/5/2 7/6/2
f 7/6/3 8/5/3 6/7/3 5/8/3
f 5/8/4 6/7/4 2/9/4 1/10/4
f 3/11/5 7/6/5 5/8/5 1/12/5
f 8/5/6 4/13/6 2/14/6 6/7/6
o Cube.001_Cube.002
v -0.240111 -0.529045 -0.591998
v -0.250464 -0.528974 -0.632343
v -0.236963 0.735277 -0.590563
v -0.075249 -0.529408 -0.634305
v -0.085602 -0.529336 -0.674649
v -0.072101 0.734914 -0.632870
v -0.082454 0.734986 -0.673214
v -0.247316 0.735348 -0.630908
vt 0.125000 0.500000
vt 0.375000 0.500000
vt 0.375000 0.750000
vt 0.125000 0.750000
vt 0.375000 0.000000
vt 0.625000 0.000000
vt 0.625000 0.250000
vt 0.375000 0.250000
vt 0.625000 0.750000
vt 0.625000 1.000000
vt 0.375000 1.000000
vt 0.625000 0.500000
vt 0.875000 0.500000
vt 0.875000 0.750000
vn -0.0025 -1.0000 -0.0011
vn -0.9686 0.0021 0.2486
vn 0.2486 -0.0017 0.9686
vn 0.9686 -0.0021 -0.2486
vn 0.0025 1.0000 0.0011
vn -0.2486 0.0017 -0.9686
usemtl None
s off
f 10/15/7 13/16/7 12/17/7 9/18/7
f 9/19/8 11/20/8 16/21/8 10/22/8
f 12/17/9 14/23/9 11/24/9 9/25/9
f 13/16/10 15/26/10 14/23/10 12/17/10
f 15/26/11 16/27/11 11/28/11 14/23/11
f 10/22/12 16/21/12 15/26/12 13/16/12
o Cube.002_Cube.003
v -0.381038 -0.527515 -0.514337
v -0.401094 -0.527352 -0.550842
v -0.374485 0.736793 -0.512294
v -0.231867 -0.528156 -0.596294
v -0.251923 -0.527993 -0.632799
v -0.225314 0.736152 -0.594252
v -0.245370 0.736315 -0.630756
v -0.394541 0.736956 -0.548799
vt 0.125000 0.500000
vt 0.375000 0.500000
vt 0.375000 0.750000
vt 0.125000 0.750000
vt 0.375000 0.000000
vt 0.625000 0.000000
vt 0.625000 0.250000
vt 0.375000 0.250000
vt 0.625000 0.750000
vt 0.625000 1.000000
vt 0.375000 1.000000
vt 0.625000 0.500000
vt 0.875000 0.500000
vt 0.875000 0.750000
vn -0.0052 -1.0000 -0.0016
vn -0.8764 0.0038 0.4815
vn 0.4815 -0.0039 0.8764
vn 0.8764 -0.0038 -0.4815
vn 0.0052 1.0000 0.0016
vn -0.4815 0.0039 -0.8764
usemtl None
s off
f 18/29/13 21/30/13 20/31/13 17/32/13
f 17/33/14 19/34/14 24/35/14 18/36/14
f 20/31/15 22/37/15 19/38/15 17/39/15
f 21/30/16 23/40/16 22/37/16 20/31/16
f 23/40/17 24/41/17 19/42/17 22/37/17
f 18/36/18 24/35/18 23/40/18 21/30/18
o Cube.003_Cube.004
v -0.498235 -0.525818 -0.404081
v -0.526734 -0.525549 -0.434455
v -0.488232 0.738468 -0.402297
v -0.374119 -0.526635 -0.520546
v -0.402618 -0.526367 -0.550920
v -0.364116 0.737650 -0.518761
v -0.392615 0.737919 -0.549135
v -0.516732 0.738736 -0.432670
vt 0.125000 0.500000
vt 0.375000 0.500000
vt 0.375000 0.750000
vt 0.125000 0.750000
vt 0.375000 0.000000
vt 0.625000 0.000000
vt 0.625000 0.250000
vt 0.375000 0.250000
vt 0.625000 0.750000
vt 0.625000 1.000000
vt 0.375000 1.000000
vt 0.625000 0.500000
vt 0.875000 0.500000
vt 0.875000 0.750000
vn -0.0079 -1.0000 -0.0014
vn -0.7292 0.0048 0.6843
vn 0.6842 -0.0064 0.7292
vn 0.7292 -0.0048 -0.6843
vn 0.0079 1.0000 0.0014
vn -0.6842 0.0064 -0.7292
usemtl None
s off
f 26/43/19 29/44/19 28/45/19 25/46/19
f 25/47/20 27/48/20 32/49/20 26/50/20
f 28/45/21 30/51/21 27/52/21 25/53/21
f 29/44/22 31/54/22 30/51/22 28/45/22
f 31/54/23 32/55/23 27/56/23 30/51/23
f 26/50/24 32/49/24 31/54/24 29/44/24
o Cube.004_Cube.005
v -0.584344 -0.524061 -0.268154
v -0.619498 -0.523679 -0.290490
v -0.571064 0.740196 -0.267476
v -0.493074 -0.524942 -0.411814
v -0.528228 -0.524561 -0.434151
v -0.479794 0.739314 -0.411137
v -0.514948 0.739695 -0.433473
v -0.606218 0.740577 -0.289813
vt 0.125000 0.500000
vt 0.375000 0.500000
vt 0.375000 0.750000
vt 0.125000 0.750000
vt 0.375000 0.000000
vt 0.625000 0.000000
vt 0.625000 0.250000
vt 0.375000 0.250000
vt 0.625000 0.750000
vt 0.625000 1.000000
vt 0.375000 1.000000
vt 0.625000 0.500000
vt 0.875000 0.500000
vt 0.875000 0.750000
vn -0.0105 -0.9999 -0.0005
vn -0.5362 0.0052 0.8440
vn 0.8440 -0.0092 0.5363
vn 0.5362 -0.0052 -0.8440
vn 0.0105 0.9999 0.0005
vn -0.8440 0.0092 -0.5363
usemtl None
s off
f 34/57/25 37/58/25 36/59/25 33/60/25
f 33/61/26 35/62/26 40/63/26 34/64/26
f 36/59/27 38/65/27 35/66/27 33/67/27
f 37/58/28 39/68/28 38/65/28 36/59/28
f 39/68/29 40/69/29 35/70/29 38/65/29
f 34/64/30 40/63/30 39/68/30 37/58/30
o Cube.005_Cube.006
v -0.633960 -0.522354 -0.115087
v -0.673562 -0.521859 -0.127984
v -0.617782 0.741869 -0.116296
v -0.581265 -0.523183 -0.276926
v -0.620867 -0.522688 -0.289823
v -0.565086 0.741039 -0.278136
v -0.604688 0.741534 -0.291033
v -0.657383 0.742363 -0.129193
vt 0.125000 0.500000
vt 0.375000 0.500000
vt 0.375000 0.750000
vt 0.125000 0.750000
vt 0.375000 0.000000
vt 0.625000 0.000000
vt 0.625000 0.250000
vt 0.375000 0.250000
vt 0.625000 0.750000
vt 0.625000 1.000000
vt 0.375000 1.000000
vt 0.625000 0.500000
vt 0.875000 0.500000
vt 0.875000 0.750000
vn -0.0128 -0.9999 0.0010
vn -0.3096 0.0049 0.9509
vn 0.9508 -0.0119 0.3096
vn 0.3096 -0.0049 -0.9509
vn 0.0128 0.9999 -0.0010
vn -0.9508 0.0119 -0.3096
usemtl None
s off
f 42/71/31 45/72/31 44/73/31 41/74/31
f 41/75/32 43/76/32 48/77/32 42/78/32
f 44/73/33 46/79/33 43/80/33 41/81/33
f 45/72/34 47/82/34 46/79/34 44/73/34
f 47/82/35 48/83/35 43/84/35 46/79/35
f 42/78/36 48/77/36 47/82/36 45/72/36
o Cube.006_Cube.007
v -0.643969 -0.520804 0.045511
v -0.685532 -0.520203 0.042863
v -0.625451 0.743381 0.041753
v -0.633156 -0.521467 -0.124348
v -0.674719 -0.520866 -0.126996
v -0.614638 0.742718 -0.128106
v -0.656201 0.743319 -0.130754
v -0.667014 0.743982 0.039105
vt 0.125000 0.500000
vt 0.375000 0.500000
vt 0.375000 0.750000
vt 0.125000 0.750000
vt 0.375000 0.000000
vt 0.625000 0.000000
vt 0.625000 0.250000
vt 0.375000 0.250000
vt 0.625000 0.750000
vt 0.625000 1.000000
vt 0.375000 1.000000
vt 0.625000 0.500000
vt 0.875000 0.500000
vt 0.875000 0.750000
vn -0.0146 -0.9999 0.0030
vn -0.0635 0.0039 0.9980
vn 0.9979 -0.0144 0.0636
vn 0.0635 -0.0039 -0.9980
vn 0.0146 0.9999 -0.0030
vn -0.9979 0.0144 -0.0636
usemtl None
s off
f 50/85/37 53/86/37 52/87/37 49/88/37
f 49/89/38 51/90/38 56/91/38 50/92/38
f 52/87/39 54/93/39 51/94/39 49/95/39
f 53/86/40 55/96/40 54/93/40 52/87/40
f 55/96/41 56/97/41 51/98/41 54/93/41
f 50/92/42 56/91/42 55/96/42 53/86/42
o Cube.007_Cube.008
v -0.613741 -0.519509 0.203558
v -0.654657 -0.518815 0.211325
v -0.593592 0.744638 0.196750
v -0.645490 -0.519903 0.036342
v -0.686405 -0.519210 0.044108
v -0.625340 0.744244 0.029533
v -0.666255 0.744938 0.037300
v -0.634507 0.745332 0.204517
vt 0.125000 0.500000
vt 0.375000 0.500000
vt 0.375000 0.750000
vt 0.125000 0.750000
vt 0.375000 0.000000
vt 0.625000 0.000000
vt 0.625000 0.250000
vt 0.375000 0.250000
vt 0.625000 0.750000
vt 0.625000 1.000000
vt 0.375000 1.000000
vt 0.625000 0.500000
vt 0.875000 0.500000
vt 0.875000 0.750000
vn -0.0159 -0.9999 0.0054
vn 0.1865 0.0023 0.9824
vn 0.9823 -0.0167 -0.1865
vn -0.1865 -0.0023 -0.9824
vn 0.0159 0.9999 -0.0054
vn -0.9823 0.0167 0.1865
usemtl None
s off
f 58/99/43 61/100/43 60/101/43 57/102/43
f 57/103/44 59/104/44 64/105/44 58/106/44
f 60/101/45 62/107/45 59/108/45 57/109/45
f 61/100/46 63/110/46 62/107/46 60/101/46
f 63/110/47 64/111/47 59/112/47 62/107/47
f 58/106/48 64/105/48 63/110/48 61/100/48
o Cube.008_Cube.009
v -0.545175 -0.518550 0.349133
v -0.582874 -0.517782 0.366826
v -0.524203 0.745561 0.338965
v -0.617491 -0.518590 0.195055
v -0.655190 -0.517822 0.212749
v -0.596519 0.745522 0.184887
v -0.634218 0.746290 0.202581
v -0.561902 0.746329 0.356658
vt 0.125000 0.500000
vt 0.375000 0.500000
vt 0.375000 0.750000
vt 0.125000 0.750000
vt 0.375000 0.000000
vt 0.625000 0.000000
vt 0.625000 0.250000
vt 0.375000 0.250000
vt 0.625000 0.750000
vt 0.625000 1.000000
vt 0.375000 1.000000
vt 0.625000 0.500000
vt 0.875000 0.500000
vt 0.875000 0.750000
vn -0.0166 -0.9998 0.0080
vn 0.4249 0.0002 0.9053
vn 0.9051 -0.0184 -0.4248
vn -0.4249 -0.0002 -0.9053
vn 0.0166 0.9998 -0.0080
vn -0.9051 0.0184 0.4248
usemtl None
s off
f 66/113/49 69/114/49 68/115/49 65/116/49
f 65/117/50 67/118/50 72/119/50 66/120/50
f 68/115/51 70/121/51 67/122/51 65/123/51
f 69/114/52 71/124/52 70/121/52 68/115/52
f 71/124/53 72/125/53 67/126/53 70/121/53
f 66/120/54 72/119/54 71/124/54 69/114/54
o Cube.009_Cube.010
v -0.442575 -0.517987 0.473097
v -0.474691 -0.517169 0.499607
v -0.421642 0.746092 0.459470
v -0.550919 -0.517608 0.341830
v -0.583035 -0.516790 0.368340
v -0.529985 0.746471 0.328203
v -0.562101 0.747289 0.354713
v -0.453757 0.746910 0.485980
vt 0.125000 0.500000
vt 0.375000 0.500000
vt 0.375000 0.750000
vt 0.125000 0.750000
vt 0.375000 0.000000
vt 0.625000 0.000000
vt 0.625000 0.250000
vt 0.375000 0.250000
vt 0.625000 0.750000
vt 0.625000 1.000000
vt 0.375000 1.000000
vt 0.625000 0.500000
vt 0.875000 0.500000
vt 0.875000 0.750000
vn -0.0166 -0.9998 0.0108
vn 0.6366 -0.0022 0.7712
vn 0.7711 -0.0196 -0.6365
vn -0.6366 0.0022 -0.7712
vn 0.0166 0.9998 -0.0108
vn -0.7711 0.0196 0.6365
usemtl None
s off
f 74/127/55 77/128/55 76/129/55 73/130/55
f 73/131/56 75/132/56 80/133/56 74/134/56
f 76/129/57 78/135/57 75/136/57 73/137/57
f 77/128/58 79/138/58 78/135/58 76/129/58
f 79/138/59 80/139/59 75/140/59 78/135/59
f 74/134/60 80/133/60 79/138/60 77/128/60
o Cube.010_Cube.011
v -0.312381 -0.517856 0.567668
v -0.336898 -0.517015 0.601330
v -0.292345 0.746198 0.550701
v -0.449951 -0.517020 0.467452
v -0.474468 -0.516180 0.501113
v -0.429915 0.747033 0.450484
v -0.454431 0.747874 0.484146
v -0.316861 0.747038 0.584362
vt 0.125000 0.500000
vt 0.375000 0.500000
vt 0.375000 0.750000
vt 0.125000 0.750000
vt 0.375000 0.000000
vt 0.625000 0.000000
vt 0.625000 0.250000
vt 0.375000 0.250000
vt 0.625000 0.750000
vt 0.625000 1.000000
vt 0.375000 1.000000
vt 0.625000 0.500000
vt 0.875000 0.500000
vt 0.875000 0.750000
vn -0.0158 -0.9998 0.0134
vn 0.8083 -0.0049 0.5888
vn 0.5886 -0.0202 -0.8082
vn -0.8083 0.0049 -0.5888
vn 0.0158 0.9998 -0.0134
vn -0.5886 0.0202 0.8082
usemtl None
s off
f 82/141/61 85/142/61 84/143/61 81/144/61
f 81/145/62 83/146/62 88/147/62 82/148/62
f 84/143/63 86/149/63 83/150/63 81/151/63
f 85/142/64 87/152/64 86/149/64 84/143/64
f 87/152/65 88/153/65 83/154/65 86/149/65
f 82/148/66 88/147/66 87/152/66 85/142/66
o Cube.011_Cube.012
v -0.162767 -0.518164 0.626911
v -0.178145 -0.517329 0.665611
v -0.144430 0.745871 0.606930
v -0.320927 -0.516863 0.564035
v -0.336305 -0.516029 0.602735
v -0.302590 0.747172 0.544054
v -0.317968 0.748007 0.582754
v -0.159808 0.746706 0.645630
vt 0.125000 0.500000
vt 0.375000 0.500000
vt 0.375000 0.750000
vt 0.125000 0.750000
vt 0.375000 0.000000
vt 0.625000 0.000000
vt 0.625000 0.250000
vt 0.375000 0.250000
vt 0.625000 0.750000
vt 0.625000 1.000000
vt 0.375000 1.000000
vt 0.625000 0.500000
vt 0.875000 0.500000
vt 0.875000 0.750000
vn -0.0145 -0.9998 0.0158
vn 0.9292 -0.0076 0.3694
vn 0.3692 -0.0200 -0.9291
vn -0.9292 0.0076 -0.3694
vn 0.0145 0.9998 -0.0158
vn -0.3692 0.0200 0.9291
usemtl None
s off
f 90/155/67 93/156/67 92/157/67 89/158/67
f 89/159/68 91/160/68 96/161/68 90/162/68
f 92/157/69 94/163/69 91/164/69 89/165/69
f 93/156/70 95/166/70 94/163/70 92/157/70
f 95/166/71 96/167/71 91/168/71 94/163/71
f 90/162/72 96/161/72 95/166/72 93/156/72
o Cube.012_Cube.013
v -0.003124 -0.518893 0.647105
v -0.008398 -0.518092 0.688413
v 0.012818 0.745133 0.624628
v -0.171945 -0.517147 0.625517
v -0.177219 -0.516346 0.666825
v -0.156003 0.746878 0.603040
v -0.161277 0.747679 0.644348
v 0.007544 0.745934 0.665937
vt 0.125000 0.500000
vt 0.375000 0.500000
vt 0.375000 0.750000
vt 0.125000 0.750000
vt 0.375000 0.000000
vt 0.625000 0.000000
vt 0.625000 0.250000
vt 0.375000 0.250000
vt 0.625000 0.750000
vt 0.625000 1.000000
vt 0.375000 1.000000
vt 0.625000 0.500000
vt 0.875000 0.500000
vt 0.875000 0.750000
vn -0.0126 -0.9998 0.0178
vn 0.9919 -0.0103 0.1268
vn 0.1266 -0.0192 -0.9918
vn -0.9919 0.0103 -0.1268
vn 0.0126 0.9998 -0.0178
vn -0.1266 0.0192 0.9918
usemtl None
s off
f 98/169/73 101/170/73 100/171/73 97/172/73
f 97/173/74 99/174/74 104/175/74 98/176/74
f 100/171/75 102/177/75 99/178/75 97/179/75
f 101/170/76 103/180/76 102/177/76 100/171/76
f 103/180/77 104/181/77 99/182/77 102/177/77
f 98/176/78 104/175/78 103/180/78 101/170/78
o Cube.013_Cube.014
v 0.156526 -0.519996 0.626983
v 0.161687 -0.519255 0.668307
v 0.169528 0.744030 0.602684
v -0.012358 -0.517854 0.648037
v -0.007197 -0.517113 0.689361
v 0.000644 0.746172 0.623738
v 0.005805 0.746913 0.665062
v 0.174689 0.744771 0.644008
vt 0.125000 0.500000
vt 0.375000 0.500000
vt 0.375000 0.750000
vt 0.125000 0.750000
vt 0.375000 0.000000
vt 0.625000 0.000000
vt 0.625000 0.250000
vt 0.375000 0.250000
vt 0.625000 0.750000
vt 0.625000 1.000000
vt 0.375000 1.000000
vt 0.625000 0.500000
vt 0.875000 0.500000
vt 0.875000 0.750000
vn -0.0103 -0.9998 0.0192
vn 0.9922 -0.0126 -0.1237
vn -0.1239 -0.0178 -0.9921
vn -0.9922 0.0126 0.1237
vn 0.0103 0.9998 -0.0192
vn 0.1239 0.0178 0.9921
usemtl None
s off
f 106/183/79 109/184/79 108/185/79 105/186/79
f 105/187/80 107/188/80 112/189/80 106/190/80
f 108/185/81 110/191/81 107/192/81 105/193/81
f 109/184/82 111/194/82 110/191/82 108/185/82
f 111/194/83 112/195/83 107/196/83 110/191/83
f 106/190/84 112/189/84 111/194/84 109/184/84
o Cube.014_Cube.015
v 0.306161 -0.521405 0.567809
v 0.321433 -0.520745 0.606554
v 0.315861 0.742631 0.542475
v 0.147816 -0.518939 0.630182
v 0.163089 -0.518280 0.668927
v 0.157517 0.745096 0.604849
v 0.172789 0.745755 0.643594
v 0.331134 0.743290 0.581220
vt 0.125000 0.500000
vt 0.375000 0.500000
vt 0.375000 0.750000
vt 0.125000 0.750000
vt 0.375000 0.000000
vt 0.625000 0.000000
vt 0.625000 0.250000
vt 0.375000 0.250000
vt 0.625000 0.750000
vt 0.625000 1.000000
vt 0.375000 1.000000
vt 0.625000 0.500000
vt 0.875000 0.500000
vt 0.875000 0.750000
vn -0.0077 -0.9998 0.0200
vn 0.9303 -0.0145 -0.3665
vn -0.3667 -0.0158 -0.9302
vn -0.9303 0.0145 0.3665
vn 0.0077 0.9998 -0.0200
vn 0.3667 0.0158 0.9302
usemtl None
s off
f 114/197/85 117/198/85 116/199/85 113/200/85
f 113/201/86 115/202/86 120/203/86 114/204/86
f 116/199/87 118/205/87 115/206/87 113/207/87
f 117/198/88 119/208/88 118/205/88 116/199/88
f 119/208/89 120/209/89 115/210/89 118/205/89
f 114/204/90 120/203/90 119/208/90 117/198/90
o Cube.015_Cube.016
v 0.436388 -0.523030 0.473296
v 0.460813 -0.522470 0.507030
v 0.442634 0.741023 0.447781
v 0.298523 -0.520335 0.573073
v 0.322948 -0.519775 0.606807
v 0.304769 0.743718 0.547558
v 0.329194 0.744278 0.581292
v 0.467059 0.741583 0.481515
vt 0.125000 0.500000
vt 0.375000 0.500000
vt 0.375000 0.750000
vt 0.125000 0.750000
vt 0.375000 0.000000
vt 0.625000 0.000000
vt 0.625000 0.250000
vt 0.375000 0.250000
vt 0.625000 0.750000
vt 0.625000 1.000000
vt 0.375000 1.000000
vt 0.625000 0.500000
vt 0.875000 0.500000
vt 0.875000 0.750000
vn -0.0049 -0.9998 0.0202
vn 0.8100 -0.0158 -0.5862
vn -0.5864 -0.0135 -0.8099
vn -0.8100 0.0158 0.5862
vn 0.0049 0.9998 -0.0202
vn 0.5864 0.0135 0.8099
usemtl None
s off
f 122/211/91 125/212/91 124/213/91 121/214/91
f 121/215/92 123/216/92 128/217/92 122/218/92
f 124/213/93 126/219/93 123/220/93 121/221/93
f 125/212/94 127/222/94 126/219/94 124/213/94
f 127/222/95 128/223/95 123/224/95 126/219/95
f 122/218/96 128/217/96 127/222/96 125/212/96
o Cube.016_Cube.017
v 0.539031 -0.524771 0.349379
v 0.571075 -0.524320 0.375983
v 0.541886 0.739308 0.324547
v 0.430300 -0.521953 0.480295
v 0.462345 -0.521503 0.506900
v 0.433155 0.742126 0.455464
v 0.465200 0.742576 0.482068
v 0.573930 0.739759 0.351151
vt 0.125000 0.500000
vt 0.375000 0.500000
vt 0.375000 0.750000
vt 0.125000 0.750000
vt 0.375000 0.000000
vt 0.625000 0.000000
vt 0.625000 0.250000
vt 0.375000 0.250000
vt 0.625000 0.750000
vt 0.625000 1.000000
vt 0.375000 1.000000
vt 0.625000 0.500000
vt 0.875000 0.500000
vt 0.875000 0.750000
vn -0.0023 -0.9998 0.0196
vn 0.6388 -0.0166 -0.7692
vn -0.7693 -0.0108 -0.6387
vn -0.6388 0.0166 0.7692
vn 0.0023 0.9998 -0.0196
vn 0.7693 0.0108 0.6387
usemtl None
s off
f 130/225/97 133/226/97 132/227/97 129/228/97
f 129/229/98 131/230/98 136/231/98 130/232/98
f 132/227/99 134/233/99 131/234/99 129/235/99
f 133/226/100 135/236/100 134/233/100 132/227/100
f 135/236/101 136/237/101 131/238/101 134/233/101
f 130/232/102 136/231/102 135/236/102 133/226/102
o Cube.017_Cube.018
v 0.607647 -0.526517 0.203835
v 0.645300 -0.526180 0.221640
v 0.607388 0.737594 0.180508
v 0.534877 -0.523693 0.357673
v 0.572530 -0.523356 0.375478
v 0.534617 0.740418 0.334345
v 0.572270 0.740754 0.352150
v 0.645040 0.737930 0.198313
vt 0.125000 0.500000
vt 0.375000 0.500000
vt 0.375000 0.750000
vt 0.125000 0.750000
vt 0.375000 0.000000
vt 0.625000 0.000000
vt 0.625000 0.250000
vt 0.375000 0.250000
vt 0.625000 0.750000
vt 0.625000 1.000000
vt 0.375000 1.000000
vt 0.625000 0.500000
vt 0.875000 0.500000
vt 0.875000 0.750000
vn 0.0002 -0.9998 0.0185
vn 0.4275 -0.0166 -0.9038
vn -0.9040 -0.0081 -0.4275
vn -0.4275 0.0166 0.9038
vn -0.0002 0.9998 -0.0185
vn 0.9040 0.0081 0.4275
usemtl None
s off
f 138/239/103 141/240/103 140/241/103 137/242/103
f 137/243/104 139/244/104 144/245/104 138/246/104
f 140/241/105 142/247/105 139/248/105 137/249/105
f 141/240/106 143/250/106 142/247/106 140/241/106
f 143/250/107 144/251/107 139/252/107 142/247/107
f 138/246/108 144/245/108 143/250/108 141/240/108
o Cube.018_Cube.019
v 0.637930 -0.528159 0.045802
v 0.678827 -0.527933 0.053689
v 0.635027 0.735988 0.024706
v 0.605688 -0.525444 0.212903
v 0.646585 -0.525219 0.220790
v 0.602785 0.738702 0.191807
v 0.643682 0.738928 0.199694
v 0.675924 0.736213 0.032594
vt 0.125000 0.500000
vt 0.375000 0.500000
vt 0.375000 0.750000
vt 0.125000 0.750000
vt 0.375000 0.000000
vt 0.625000 0.000000
vt 0.625000 0.250000
vt 0.375000 0.250000
vt 0.625000 0.750000
vt 0.625000 1.000000
vt 0.375000 1.000000
vt 0.625000 0.500000
vt 0.875000 0.500000
vt 0.875000 0.750000
vn 0.0023 -0.9999 0.0167
vn 0.1894 -0.0159 -0.9818
vn -0.9819 -0.0054 -0.1894
vn -0.1894 0.0159 0.9818
vn -0.0023 0.9999 -0.0167
vn 0.9819 0.0054 0.1894
usemtl None
s off
f 146/253/109 149/254/109 148/255/109 145/256/109
f 145/257/110 147/258/110 152/259/110 146/260/110
f 148/255/111 150/261/111 147/262/111 145/263/111
f 149/254/112 151/264/112 150/261/112 148/255/112
f 151/264/113 152/265/113 147/266/113 150/261/113
f 146/260/114 152/259/114 151/264/114 149/254/114
o Cube.019_Cube.020
v 0.627977 -0.529594 -0.114800
v 0.669552 -0.529469 -0.117326
v 0.623069 0.734591 -0.133078
v 0.638288 -0.527098 0.055073
v 0.679863 -0.526973 0.052548
v 0.633380 0.737087 0.036796
v 0.674955 0.737212 0.034270
v 0.664644 0.734715 -0.135603
vt 0.125000 0.500000
vt 0.375000 0.500000
vt 0.375000 0.750000
vt 0.125000 0.750000
vt 0.375000 0.000000
vt 0.625000 0.000000
vt 0.625000 0.250000
vt 0.375000 0.250000
vt 0.625000 0.750000
vt 0.625000 1.000000
vt 0.375000 1.000000
vt 0.625000 0.500000
vt 0.875000 0.500000
vt 0.875000 0.750000
vn 0.0039 -0.9999 0.0145
vn -0.0606 -0.0147 -0.9981
vn -0.9982 -0.0030 0.0606
vn 0.0606 0.0147 0.9981
vn -0.0039 0.9999 -0.0145
vn 0.9982 0.0030 -0.0606
usemtl None
s off
f 154/267/115 157/268/115 156/269/115 153/270/115
f 153/271/116 155/272/116 160/273/116 154/274/116
f 156/269/117 158/275/117 155/276/117 153/277/117
f 157/268/118 159/278/118 158/275/118 156/269/118
f 159/278/119 160/279/119 155/280/119 158/275/119
f 154/274/120 160/273/120 159/278/120 157/268/120
o Cube.020_Cube.021
v 0.578414 -0.530732 -0.267890
v 0.618057 -0.530691 -0.280670
v 0.572264 0.733490 -0.282939
v 0.630631 -0.528549 -0.105908
v 0.670274 -0.528509 -0.118688
v 0.624481 0.735672 -0.120957
v 0.664124 0.735713 -0.133737
v 0.611907 0.733531 -0.295719
vt 0.125000 0.500000
vt 0.375000 0.500000
vt 0.375000 0.750000
vt 0.125000 0.750000
vt 0.375000 0.000000
vt 0.625000 0.000000
vt 0.625000 0.250000
vt 0.375000 0.250000
vt 0.625000 0.750000
vt 0.625000 1.000000
vt 0.375000 1.000000
vt 0.625000 0.500000
vt 0.875000 0.500000
vt 0.875000 0.750000
vn 0.0049 -0.9999 0.0119
vn -0.3068 -0.0128 -0.9517
vn -0.9518 -0.0010 0.3068
vn 0.3068 0.0128 0.9517
vn -0.0049 0.9999 -0.0119
vn 0.9518 0.0010 -0.3068
usemtl None
s off
f 162/281/121 165/282/121 164/283/121 161/284/121
f 161/285/122 163/286/122 168/287/122 162/288/122
f 164/283/123 166/289/123 163/290/123 161/291/123
f 165/282/124 167/292/124 166/289/124 164/283/124
f 167/292/125 168/293/125 163/294/125 166/289/125
f 162/288/126 168/287/126 167/292/126 165/282/126
o Cube.021_Cube.022
v 0.492352 -0.531501 -0.403857
v 0.527574 -0.531523 -0.426089
v 0.485802 0.732755 -0.415470
v 0.583198 -0.529708 -0.259936
v 0.618420 -0.529730 -0.282168
v 0.576648 0.734547 -0.271548
v 0.611870 0.734526 -0.293781
v 0.521024 0.732733 -0.437702
vt 0.125000 0.500000
vt 0.375000 0.500000
vt 0.375000 0.750000
vt 0.125000 0.750000
vt 0.375000 0.000000
vt 0.625000 0.000000
vt 0.625000 0.250000
vt 0.375000 0.250000
vt 0.625000 0.750000
vt 0.625000 1.000000
vt 0.375000 1.000000
vt 0.625000 0.500000
vt 0.875000 0.500000
vt 0.875000 0.750000
vn 0.0052 -0.9999 0.0092
vn -0.5337 -0.0105 -0.8456
vn -0.8456 0.0005 0.5338
vn 0.5337 0.0105 0.8456
vn -0.0052 0.9999 -0.0092
vn 0.8456 -0.0005 -0.5338
usemtl None
s off
f 170/295/127 173/296/127 172/297/127 169/298/127
f 169/299/128 171/300/128 176/301/128 170/302/128
f 172/297/129 174/303/129 171/304/129 169/305/129
f 173/296/130 175/306/130 174/303/130 172/297/130
f 175/306/131 176/307/131 171/308/131 174/303/131
f 170/302/132 176/301/132 175/306/132 173/296/132
o Cube.022_Cube.023
v 0.375193 -0.531853 -0.514165
v 0.403784 -0.531912 -0.544455
v 0.369110 0.732431 -0.522350
v 0.498965 -0.530501 -0.397340
v 0.527556 -0.530560 -0.427629
v 0.492882 0.733783 -0.405525
v 0.521472 0.733725 -0.435815
v 0.397700 0.732373 -0.552640
vt 0.125000 0.500000
vt 0.375000 0.500000
vt 0.375000 0.750000
vt 0.125000 0.750000
vt 0.375000 0.000000
vt 0.625000 0.000000
vt 0.625000 0.250000
vt 0.375000 0.250000
vt 0.625000 0.750000
vt 0.625000 1.000000
vt 0.375000 1.000000
vt 0.625000 0.500000
vt 0.875000 0.500000
vt 0.875000 0.750000
vn 0.0048 -1.0000 0.0065
vn -0.7272 -0.0079 -0.6864
vn -0.6864 0.0014 0.7272
vn 0.7272 0.0079 0.6864
vn -0.0048 1.0000 -0.0065
vn 0.6864 -0.0014 -0.7272
usemtl None
s off
f 178/309/133 181/310/133 180/311/133 177/312/133
f 177/313/134 179/314/134 184/315/134 178/316/134
f 180/311/135 182/317/135 179/318/135 177/319/135
f 181/310/136 183/320/136 182/317/136 180/311/136
f 183/320/137 184/321/137 179/322/137 182/317/137
f 178/316/138 184/315/138 183/320/138 181/310/138
o Cube.023_Cube.024
v 0.234293 -0.531767 -0.591891
v 0.254457 -0.531834 -0.628336
v 0.229513 0.732540 -0.596872
v 0.383222 -0.530879 -0.509496
v 0.403386 -0.530947 -0.545941
v 0.378442 0.733428 -0.514477
v 0.398606 0.733361 -0.550922
v 0.249677 0.732473 -0.633317
vt 0.125000 0.500000
vt 0.375000 0.500000
vt 0.375000 0.750000
vt 0.125000 0.750000
vt 0.375000 0.000000
vt 0.625000 0.000000
vt 0.625000 0.250000
vt 0.375000 0.250000
vt 0.625000 0.750000
vt 0.625000 1.000000
vt 0.375000 1.000000
vt 0.625000 0.500000
vt 0.875000 0.500000
vt 0.875000 0.750000
vn 0.0038 -1.0000 0.0039
vn -0.8750 -0.0052 -0.4841
vn -0.4841 0.0016 0.8750
vn 0.8750 0.0052 0.4841
vn -0.0038 1.0000 -0.0039
vn 0.4841 -0.0016 -0.8750
usemtl None
s off
f 186/323/139 189/324/139 188/325/139 185/326/139
f 185/327/140 187/328/140 192/329/140 186/330/140
f 188/325/141 190/331/141 187/332/141 185/333/141
f 189/324/142 191/334/142 190/331/142 188/325/142
f 191/334/143 192/335/143 187/336/143 190/331/143
f 186/330/144 192/329/144 191/334/144 189/324/144
o Cube.024_Cube.025
v 0.078496 -0.531247 -0.632155
v 0.088968 -0.531294 -0.672468
v 0.075776 0.733074 -0.634356
v 0.243232 -0.530818 -0.589362
v 0.253704 -0.530866 -0.629676
v 0.240512 0.733503 -0.591564
v 0.250984 0.733456 -0.631878
v 0.086248 0.733027 -0.674670
vt 0.125000 0.500000
vt 0.375000 0.500000
vt 0.375000 0.750000
vt 0.125000 0.750000
vt 0.375000 0.000000
vt 0.625000 0.000000
vt 0.625000 0.250000
vt 0.375000 0.250000
vt 0.625000 0.750000
vt 0.625000 1.000000
vt 0.375000 1.000000
vt 0.625000 0.500000
vt 0.875000 0.500000
vt 0.875000 0.750000
vn 0.0022 -1.0000 0.0017
vn -0.9679 -0.0025 -0.2514
vn -0.2514 0.0011 0.9679
vn 0.9679 0.0025 0.2514
vn -0.0022 1.0000 -0.0017
vn 0.2514 -0.0011 -0.9679
usemtl None
s off
f 194/337/145 197/338/145 196/339/145 193/340/145
f 193/341/146 195/342/146 200/343/146 194/344/146
f 196/339/147 198/345/147 195/346/147 193/347/147
f 197/338/148 199/348/148 198/345/148 196/339/148
f 199/348/149 200/349/149 195/350/149 198/345/149
f 194/344/150 200/343/150 199/348/150 197/338/150
o Cylinder
v 0.629516 0.683023 0.145078
v 0.696499 0.683023 0.150127
v 0.631222 0.678509 0.122449
v 0.698204 0.678509 0.127498
v 0.632668 0.665655 0.103266
v 0.699650 0.665655 0.108314
v 0.633634 0.646416 0.090447
v 0.700616 0.646416 0.095496
v 0.633973 0.623723 0.085946
v 0.700956 0.623723 0.090995
v 0.633634 0.601030 0.090447
v 0.700616 0.601030 0.095496
v 0.632668 0.581792 0.103266
v 0.699650 0.581792 0.108314
v 0.631222 0.568937 0.122449
v 0.698204 0.568937 0.127498
v 0.629516 0.564423 0.145078
v 0.696498 0.564423 0.150127
v 0.627811 0.568937 0.167707
v 0.694793 0.568937 0.172756
v 0.626365 0.581792 0.186891
v 0.693347 0.581792 0.191940
v 0.625398 0.601030 0.199709
v 0.692381 0.601030 0.204758
v 0.625059 0.623723 0.204210
v 0.692041 0.623723 0.209259
v 0.625398 0.646416 0.199709
v 0.692381 0.646416 0.204758
v 0.626365 0.665655 0.186891
v 0.693347 0.665655 0.191940
v 0.627811 0.678509 0.167707
v 0.694793 0.678509 0.172756
vt 1.000000 0.500000
vt 1.000000 1.000000
vt 0.937500 1.000000
vt 0.937500 0.500000
vt 0.875000 1.000000
vt 0.875000 0.500000
vt 0.812500 1.000000
vt 0.812500 0.500000
vt 0.750000 1.000000
vt 0.750000 0.500000
vt 0.687500 1.000000
vt 0.687500 0.500000
vt 0.625000 1.000000
vt 0.625000 0.500000
vt 0.562500 1.000000
vt 0.562500 0.500000
vt 0.500000 1.000000
vt 0.500000 0.500000
vt 0.437500 1.000000
vt 0.437500 0.500000
vt 0.375000 1.000000
vt 0.375000 0.500000
vt 0.312500 1.000000
vt 0.312500 0.500000
vt 0.250000 1.000000
vt 0.250000 0.500000
vt 0.187500 1.000000
vt 0.187500 0.500000
vt 0.125000 1.000000
vt 0.125000 0.500000
vt 0.341844 0.471731
vt 0.250000 0.490000
vt 0.158156 0.471731
vt 0.080294 0.419706
vt 0.028269 0.341844
vt 0.010000 0.250000
vt 0.028269 0.158156
vt 0.080294 0.080294
vt 0.158156 0.028269
vt 0.250000 0.010000
vt 0.341844 0.028269
vt 0.419706 0.080294
vt 0.471731 0.158156
vt 0.490000 0.250000
vt 0.471731 0.341844
vt 0.419706 0.419706
vt 0.062500 1.000000
vt 0.062500 0.500000
vt 0.000000 1.000000
vt 0.000000 0.500000
vt 0.750000 0.490000
vt 0.841844 0.471731
vt 0.919706 0.419706
vt 0.971731 0.341844
vt 0.990000 0.250000
vt 0.971731 0.158156
vt 0.919706 0.080294
vt 0.841844 0.028269
vt 0.750000 0.010000
vt 0.658156 0.028269
vt 0.580294 0.080294
vt 0.528269 0.158156
vt 0.510000 0.250000
vt 0.528269 0.341844
vt 0.580294 0.419706
vt 0.658156 0.471731
vn 0.0147 0.9808 -0.1945
vn 0.0418 0.8315 -0.5540
vn 0.0625 0.5556 -0.8291
vn 0.0737 0.1951 -0.9780
vn 0.0737 -0.1951 -0.9780
vn 0.0625 -0.5556 -0.8291
vn 0.0418 -0.8315 -0.5540
vn 0.0147 -0.9808 -0.1945
vn -0.0147 -0.9808 0.1945
vn -0.0418 -0.8315 0.5540
vn -0.0625 -0.5556 0.8291
vn -0.0737 -0.1951 0.9780
vn -0.0737 0.1951 0.9780
vn -0.0625 0.5556 0.8291
vn 0.9972 -0.0000 0.0752
vn -0.0418 0.8315 0.5540
vn -0.0147 0.9808 0.1945
vn -0.9972 0.0000 -0.0752
usemtl None
s off
f 201/351/151 202/352/151 204/353/151 203/354/151
f 203/354/152 204/353/152 206/355/152 205/356/152
f 205/356/153 206/355/153 208/357/153 207/358/153
f 207/358/154 208/357/154 210/359/154 209/360/154
f 209/360/155 210/359/155 212/361/155 211/362/155
f 211/362/156 212/361/156 214/363/156 213/364/156
f 213/364/157 214/363/157 216/365/157 215/366/157
f 215/366/158 216/365/158 218/367/158 217/368/158
f 217/368/159 218/367/159 220/369/159 219/370/159
f 219/370/160 220/369/160 222/371/160 221/372/160
f 221/372/161 222/371/161 224/373/161 223/374/161
f 223/374/162 224/373/162 226/375/162 225/376/162
f 225/376/163 226/375/163 228/377/163 227/378/163
f 227/378/164 228/377/164 230/379/164 229/380/164
f 204/381/165 202/382/165 232/383/165 230/384/165 228/385/165 226/386/165 224/387/165 222/388/165 220/389/165 218/390/165 216/391/165 214/392/165 212/393/165 210/394/165 208/395/165 206/396/165
f 229/380/166 230/379/166 232/397/166 231/398/166
f 231/398/167 232/397/167 202/399/167 201/400/167
f 201/401/168 203/402/168 205/403/168 207/404/168 209/405/168 211/406/168 213/407/168 215/408/168 217/409/168 219/410/168 221/411/168 223/412/168 225/413/168 227/414/168 229/415/168 231/416/168
o Cylinder.001
v -0.733487 0.683023 0.034341
v -0.666504 0.683023 0.039389
v -0.731781 0.678509 0.011712
v -0.664799 0.678509 0.016761
v -0.730335 0.665655 -0.007472
v -0.663353 0.665655 -0.002423
v -0.729369 0.646416 -0.020290
v -0.662387 0.646416 -0.015241
v -0.729029 0.623723 -0.024792
v -0.662047 0.623723 -0.019743
v -0.729369 0.601030 -0.020290
v -0.662387 0.601030 -0.015241
v -0.730335 0.581792 -0.007472
v -0.663353 0.581792 -0.002423
v -0.731781 0.568937 0.011712
v -0.664799 0.568937 0.016761
v -0.733487 0.564423 0.034341
v -0.666504 0.564423 0.039389
v -0.735192 0.568937 0.056969
v -0.668210 0.568937 0.062018
v -0.736638 0.581792 0.076153
v -0.669656 0.581792 0.081202
v -0.737604 0.601030 0.088971
v -0.670622 0.601030 0.094020
v -0.737944 0.623723 0.093473
v -0.670962 0.623723 0.098522
v -0.737604 0.646416 0.088971
v -0.670622 0.646416 0.094020
v -0.736638 0.665655 0.076153
v -0.669656 0.665655 0.081202
v -0.735192 0.678509 0.056969
v -0.668210 0.678509 0.062018
vt 1.000000 0.500000
vt 1.000000 1.000000
vt 0.937500 1.000000
vt 0.937500 0.500000
vt 0.875000 1.000000
vt 0.875000 0.500000
vt 0.812500 1.000000
vt 0.812500 0.500000
vt 0.750000 1.000000
vt 0.750000 0.500000
vt 0.687500 1.000000
vt 0.687500 0.500000
vt 0.625000 1.000000
vt 0.625000 0.500000
vt 0.562500 1.000000
vt 0.562500 0.500000
vt 0.500000 1.000000
vt 0.500000 0.500000
vt 0.437500 1.000000
vt 0.437500 0.500000
vt 0.375000 1.000000
vt 0.375000 0.500000
vt 0.312500 1.000000
vt 0.312500 0.500000
vt 0.250000 1.000000
vt 0.250000 0.500000
vt 0.187500 1.000000
vt 0.187500 0.500000
vt 0.125000 1.000000
vt 0.125000 0.500000
vt 0.341844 0.471731
vt 0.250000 0.490000
vt 0.158156 0.471731
vt 0.080294 0.419706
vt 0.028269 0.341844
vt 0.010000 0.250000
vt 0.028269 0.158156
vt 0.080294 0.080294
vt 0.158156 0.028269
vt 0.250000 0.010000
vt 0.341844 0.028269
vt 0.419706 0.080294
vt 0.471731 0.158156
vt 0.490000 0.250000
vt 0.471731 0.341844
vt 0.419706 0.419706
vt 0.062500 1.000000
vt 0.062500 0.500000
vt 0.000000 1.000000
vt 0.000000 0.500000
vt 0.750000 0.490000
vt 0.841844 0.471731
vt 0.919706 0.419706
vt 0.971731 0.341844
vt 0.990000 0.250000
vt 0.971731 0.158156
vt 0.919706 0.080294
vt 0.841844 0.028269
vt 0.750000 0.010000
vt 0.658156 0.028269
vt 0.580294 0.080294
vt 0.528269 0.158156
vt 0.510000 0.250000
vt 0.528269 0.341844
vt 0.580294 0.419706
vt 0.658156 0.471731
vn 0.0147 0.9808 -0.1945
vn 0.0418 0.8315 -0.5540
vn 0.0625 0.5556 -0.8291
vn 0.0737 0.1951 -0.9780
vn 0.0737 -0.1951 -0.9780
vn 0.0625 -0.5556 -0.8291
vn 0.0418 -0.8315 -0.5540
vn 0.0147 -0.9808 -0.1945
vn -0.0147 -0.9808 0.1945
vn -0.0418 -0.8315 0.5540
vn -0.0625 -0.5556 0.8291
vn -0.0737 -0.1951 0.9780
vn -0.0737 0.1951 0.9780
vn -0.0625 0.5556 0.8291
vn 0.9972 0.0000 0.0752
vn -0.0418 0.8315 0.5540
vn -0.0147 0.9808 0.1945
vn -0.9972 0.0000 -0.0752
usemtl None
s off
f 233/417/169 234/418/169 236/419/169 235/420/169
f 235/420/170 236/419/170 238/421/170 237/422/170
f 237/422/171 238/421/171 240/423/171 239/424/171
f 239/424/172 240/423/172 242/425/172 241/426/172
f 241/426/173 242/425/173 244/427/173 243/428/173
f 243/428/174 244/427/174 246/429/174 245/430/174
f 245/430/175 246/429/175 248/431/175 247/432/175
f 247/432/176 248/431/176 250/433/176 249/434/176
f 249/434/177 250/433/177 252/435/177 251/436/177
f 251/436/178 252/435/178 254/437/178 253/438/178
f 253/438/179 254/437/179 256/439/179 255/440/179
f 255/440/180 256/439/180 258/441/180 257/442/180
f 257/442/181 258/441/181 260/443/181 259/444/181
f 259/444/182 260/443/182 262/445/182 261/446/182
f 236/447/183 234/448/183 264/449/183 262/450/183 260/451/183 258/452/183 256/453/183 254/454/183 252/455/183 250/456/183 248/457/183 246/458/183 244/459/183 242/460/183 240/461/183 238/462/183
f 261/446/184 262/445/184 264/463/184 263/464/184
f 263/464/185 264/463/185 234/465/185 233/466/185
f 233/467/186 235/468/186 237/469/186 239/470/186 241/471/186 243/472/186 245/473/186 247/474/186 249/475/186 251/476/186 253/477/186 255/478/186 257/479/186 259/480/186 261/481/186 263/482/186
